what,kind,bundleId,bundleVersion,description,time
activated,perspective,org.eclipse.php.ui,,"org.eclipse.php.perspective",1400817939762
started,bundle,org.eclipse.osgi,3.6.1.R36x_v20100806,"org.eclipse.osgi",1400817939764
started,bundle,org.eclipse.equinox.simpleconfigurator,1.0.200.v20100503,"org.eclipse.equinox.simpleconfigurator",1400817939765
started,bundle,com.ibm.icu,4.2.1.v20100412,"com.ibm.icu",1400817939765
started,bundle,org.eclipse.core.contenttype,3.4.100.v20100505-1235,"org.eclipse.core.contenttype",1400817939765
started,bundle,org.eclipse.core.databinding.observable,1.3.0.I20100601-0800,"org.eclipse.core.databinding.observable",1400817939766
started,bundle,org.eclipse.core.expressions,3.4.200.v20100505,"org.eclipse.core.expressions",1400817939766
started,bundle,org.eclipse.core.filebuffers,3.5.100.v20100520-0800,"org.eclipse.core.filebuffers",1400817939766
started,bundle,org.eclipse.core.filesystem,1.3.1.R36x_v20100727-0745,"org.eclipse.core.filesystem",1400817939766
started,bundle,org.eclipse.core.jobs,3.5.1.R36x_v20100824,"org.eclipse.core.jobs",1400817939766
started,bundle,org.eclipse.core.net,1.2.100.I20100511-0800,"org.eclipse.core.net",1400817939767
started,bundle,org.eclipse.core.resources,3.6.0.R36x_v20100825-0600,"org.eclipse.core.resources",1400817939767
started,bundle,org.eclipse.core.runtime,3.6.0.v20100505,"org.eclipse.core.runtime",1400817939767
started,bundle,org.eclipse.core.runtime.compatibility,3.2.100.v20100505,"org.eclipse.core.runtime.compatibility",1400817939767
started,bundle,org.eclipse.core.runtime.compatibility.auth,3.2.200.v20100517,"org.eclipse.core.runtime.compatibility.auth",1400817939768
started,bundle,org.eclipse.debug.core,3.6.0.v20100519,"org.eclipse.debug.core",1400817939768
started,bundle,org.eclipse.debug.ui,3.6.1.v20100901_r361,"org.eclipse.debug.ui",1400817939768
started,bundle,org.eclipse.dltk.core,2.0.1.v20100806-1245,"org.eclipse.dltk.core",1400817939768
started,bundle,org.eclipse.dltk.core.index.sql,2.0.1.v20100909-1720,"org.eclipse.dltk.core.index.sql",1400817939768
started,bundle,org.eclipse.dltk.core.index.sql.h2,2.0.1.v20100909-1720,"org.eclipse.dltk.core.index.sql.h2",1400817939768
started,bundle,org.eclipse.dltk.launching,2.0.0.v20100806-1245,"org.eclipse.dltk.launching",1400817939768
started,bundle,org.eclipse.dltk.ui,2.0.0.v20100909-1720,"org.eclipse.dltk.ui",1400817939768
started,bundle,org.eclipse.epp.usagedata.gathering,1.3.0.R201005261100,"org.eclipse.epp.usagedata.gathering",1400817939768
started,bundle,org.eclipse.epp.usagedata.recording,1.3.0.R201005261100,"org.eclipse.epp.usagedata.recording",1400817939768
started,bundle,org.eclipse.equinox.app,1.3.1.R36x_v20100803,"org.eclipse.equinox.app",1400817939768
started,bundle,org.eclipse.equinox.common,3.6.0.v20100503,"org.eclipse.equinox.common",1400817939768
started,bundle,org.eclipse.equinox.ds,1.2.1.R36x_v20100803,"org.eclipse.equinox.ds",1400817939769
started,bundle,org.eclipse.equinox.event,1.2.0.v20100503,"org.eclipse.equinox.event",1400817939770
started,bundle,org.eclipse.equinox.p2.artifact.repository,1.1.1.R36x_v20100901,"org.eclipse.equinox.p2.artifact.repository",1400817939770
started,bundle,org.eclipse.equinox.p2.core,2.0.2.R36x_v20100804,"org.eclipse.equinox.p2.core",1400817939770
started,bundle,org.eclipse.equinox.p2.director,2.0.2.R36x_v20100823,"org.eclipse.equinox.p2.director",1400817939771
started,bundle,org.eclipse.equinox.p2.directorywatcher,1.0.202.R36x_v20100727,"org.eclipse.equinox.p2.directorywatcher",1400817939772
started,bundle,org.eclipse.equinox.p2.engine,2.0.0.v20100606,"org.eclipse.equinox.p2.engine",1400817939772
started,bundle,org.eclipse.equinox.p2.extensionlocation,1.2.0.v20100518,"org.eclipse.equinox.p2.extensionlocation",1400817939772
started,bundle,org.eclipse.equinox.p2.garbagecollector,1.0.100.v20100503,"org.eclipse.equinox.p2.garbagecollector",1400817939772
started,bundle,org.eclipse.equinox.p2.metadata,2.0.0.v20100601,"org.eclipse.equinox.p2.metadata",1400817939773
started,bundle,org.eclipse.equinox.p2.metadata.repository,1.1.0.v20100513,"org.eclipse.equinox.p2.metadata.repository",1400817939773
started,bundle,org.eclipse.equinox.p2.operations,2.0.0.v20100510,"org.eclipse.equinox.p2.operations",1400817939773
started,bundle,org.eclipse.equinox.p2.publisher,1.1.2.v20100824-2220,"org.eclipse.equinox.p2.publisher",1400817939773
started,bundle,org.eclipse.equinox.p2.reconciler.dropins,1.1.0.v20100525,"org.eclipse.equinox.p2.reconciler.dropins",1400817939773
started,bundle,org.eclipse.equinox.p2.repository,2.0.1.R36x_v20100823,"org.eclipse.equinox.p2.repository",1400817939774
started,bundle,org.eclipse.equinox.p2.touchpoint.eclipse,2.0.2.R36x_v20100823,"org.eclipse.equinox.p2.touchpoint.eclipse",1400817939774
started,bundle,org.eclipse.equinox.p2.ui.sdk.scheduler,1.0.0.v20100507-1815,"org.eclipse.equinox.p2.ui.sdk.scheduler",1400817939774
started,bundle,org.eclipse.equinox.p2.updatechecker,1.1.101.R36x_v20100823,"org.eclipse.equinox.p2.updatechecker",1400817939774
started,bundle,org.eclipse.equinox.p2.updatesite,1.0.201.R36x_v20100823,"org.eclipse.equinox.p2.updatesite",1400817939774
started,bundle,org.eclipse.equinox.preferences,3.3.0.v20100503,"org.eclipse.equinox.preferences",1400817939774
started,bundle,org.eclipse.equinox.registry,3.5.0.v20100503,"org.eclipse.equinox.registry",1400817939774
started,bundle,org.eclipse.equinox.security,1.0.200.v20100503,"org.eclipse.equinox.security",1400817939774
started,bundle,org.eclipse.equinox.util,1.0.200.v20100503,"org.eclipse.equinox.util",1400817939775
started,bundle,org.eclipse.help,3.5.0.v20100524,"org.eclipse.help",1400817939775
started,bundle,org.eclipse.jface,3.6.1.M20100825-0800,"org.eclipse.jface",1400817939775
started,bundle,org.eclipse.jsch.core,1.1.200.I20100505-1245,"org.eclipse.jsch.core",1400817939775
started,bundle,org.eclipse.ltk.core.refactoring,3.5.100.v20100526-0800,"org.eclipse.ltk.core.refactoring",1400817939775
started,bundle,org.eclipse.mylyn.bugzilla.core,3.4.2.v20100902-0100-e3x,"org.eclipse.mylyn.bugzilla.core",1400817939775
started,bundle,org.eclipse.mylyn.bugzilla.ui,3.4.2.v20100909-0100-e3x,"org.eclipse.mylyn.bugzilla.ui",1400817939775
started,bundle,org.eclipse.mylyn.commons.net,3.4.1.v20100625-2100-e3x,"org.eclipse.mylyn.commons.net",1400817939775
started,bundle,org.eclipse.mylyn.commons.ui,3.4.0.v20100608-0100-e3x,"org.eclipse.mylyn.commons.ui",1400817939775
started,bundle,org.eclipse.mylyn.context.core,3.4.1.v20100909-0100-e3x,"org.eclipse.mylyn.context.core",1400817939775
started,bundle,org.eclipse.mylyn.context.ui,3.4.1.v20100909-0100-e3x,"org.eclipse.mylyn.context.ui",1400817939775
started,bundle,org.eclipse.mylyn.monitor.ui,3.4.0.v20100608-0100-e3x,"org.eclipse.mylyn.monitor.ui",1400817939775
started,bundle,org.eclipse.mylyn.tasks.ui,3.4.2.v20100902-0100-e3x,"org.eclipse.mylyn.tasks.ui",1400817939775
started,bundle,org.eclipse.mylyn.team.ui,3.4.2.v20100909-0100-e3x,"org.eclipse.mylyn.team.ui",1400817939775
started,bundle,org.eclipse.php.core,2.2.1.v20100822-1200,"org.eclipse.php.core",1400817939775
started,bundle,org.eclipse.php.debug.core,2.2.0.v20100822-0100,"org.eclipse.php.debug.core",1400817939775
started,bundle,org.eclipse.php.debug.daemon,2.2.0.v20100410-0300,"org.eclipse.php.debug.daemon",1400817939775
started,bundle,org.eclipse.php.debug.ui,2.2.0.v20100822-0100,"org.eclipse.php.debug.ui",1400817939775
started,bundle,org.eclipse.php.server.core,2.2.0.v20100410-0300,"org.eclipse.php.server.core",1400817939775
started,bundle,org.eclipse.php.ui,2.2.1.v20100822-1200,"org.eclipse.php.ui",1400817939775
started,bundle,org.eclipse.team.core,3.5.100.R36x_v20100825-0800,"org.eclipse.team.core",1400817939775
started,bundle,org.eclipse.team.cvs.core,3.3.300.I20100526-0800,"org.eclipse.team.cvs.core",1400817939775
started,bundle,org.eclipse.team.cvs.ui,3.3.301.R36x_v20100825-0800,"org.eclipse.team.cvs.ui",1400817939775
started,bundle,org.eclipse.team.ui,3.5.101.R36x_v20100825-0800,"org.eclipse.team.ui",1400817939775
started,bundle,org.eclipse.ui,3.6.1.M20100826-1330,"org.eclipse.ui",1400817939775
started,bundle,org.eclipse.ui.console,3.5.0.v20100526,"org.eclipse.ui.console",1400817939775
started,bundle,org.eclipse.ui.editors,3.6.1.r361_v20100825-0800,"org.eclipse.ui.editors",1400817939775
started,bundle,org.eclipse.ui.forms,3.5.2.r36_v20100702,"org.eclipse.ui.forms",1400817939776
started,bundle,org.eclipse.ui.ide,3.6.1.M20100825-0800,"org.eclipse.ui.ide",1400817939776
started,bundle,org.eclipse.ui.intro,3.4.0.v20100427,"org.eclipse.ui.intro",1400817939776
started,bundle,org.eclipse.ui.intro.universal,3.2.402.r36_v20100702,"org.eclipse.ui.intro.universal",1400817939776
started,bundle,org.eclipse.ui.net,1.2.100.I20100505-1245,"org.eclipse.ui.net",1400817939776
started,bundle,org.eclipse.ui.views,3.5.0.I20100527-0800,"org.eclipse.ui.views",1400817939776
started,bundle,org.eclipse.ui.workbench,3.6.1.M20100826-1330,"org.eclipse.ui.workbench",1400817939776
started,bundle,org.eclipse.ui.workbench.texteditor,3.6.1.r361_v20100714-0800,"org.eclipse.ui.workbench.texteditor",1400817939776
started,bundle,org.eclipse.update.configurator,3.3.100.v20100512,"org.eclipse.update.configurator",1400817939776
started,bundle,org.eclipse.update.core,3.2.402.R36x_v20100629,"org.eclipse.update.core",1400817939777
started,bundle,org.eclipse.update.scheduler,3.2.300.v20100512,"org.eclipse.update.scheduler",1400817939777
started,bundle,org.eclipse.wst.jsdt.core,1.1.2.v201009011528,"org.eclipse.wst.jsdt.core",1400817939777
started,bundle,org.eclipse.wst.jsdt.manipulation,1.0.200.v201004150600,"org.eclipse.wst.jsdt.manipulation",1400817939777
started,bundle,org.eclipse.wst.jsdt.ui,1.1.2.v201009010353,"org.eclipse.wst.jsdt.ui",1400817939777
started,bundle,org.eclipse.wst.sse.core,1.1.502.v201008311901,"org.eclipse.wst.sse.core",1400817939777
started,bundle,org.eclipse.wst.sse.ui,1.2.2.v201008232126,"org.eclipse.wst.sse.ui",1400817939777
os,sysinfo,,,"win32",1400817939780
arch,sysinfo,,,"x86_64",1400817939780
ws,sysinfo,,,"win32",1400817939780
locale,sysinfo,,,"zh_CN",1400817939780
processors,sysinfo,,,"4",1400817939780
java.runtime.name,sysinfo,,,"Java(TM) SE Runtime Environment",1400817939780
java.runtime.version,sysinfo,,,"1.8.0_05-b13",1400817939780
java.specification.name,sysinfo,,,"Java Platform API Specification",1400817939780
java.specification.vendor,sysinfo,,,"Oracle Corporation",1400817939780
java.specification.version,sysinfo,,,"1.8",1400817939780
java.vendor,sysinfo,,,"Oracle Corporation",1400817939780
java.version,sysinfo,,,"1.8.0_05",1400817939780
java.vm.info,sysinfo,,,"mixed mode",1400817939780
java.vm.name,sysinfo,,,"Java HotSpot(TM) 64-Bit Server VM",1400817939780
java.vm.specification.name,sysinfo,,,"Java Virtual Machine Specification",1400817939780
java.vm.specification.vendor,sysinfo,,,"Oracle Corporation",1400817939780
java.vm.specification.version,sysinfo,,,"1.8",1400817939780
java.vm.vendor,sysinfo,,,"Oracle Corporation",1400817939780
java.vm.version,sysinfo,,,"25.5-b02",1400817939780
activated,workbench,org.eclipse.ui.workbench,3.6.1.M20100826-1330,"",1400817983767
activated,view,org.eclipse.php.ui,2.2.1.v20100822-1200,"org.eclipse.php.ui.explorer",1400817985909
activated,view,org.eclipse.php.ui,2.2.1.v20100822-1200,"org.eclipse.php.ui.explorer",1400817985945
closed,view,org.eclipse.ui,3.6.1.M20100826-1330,"org.eclipse.ui.internal.introview",1400817985962
started,bundle,org.eclipse.dltk.rse.core,2.0.1.v20100804-1944,"org.eclipse.dltk.rse.core",1400817995171
deactivated,workbench,org.eclipse.ui.workbench,3.6.1.M20100826-1330,"",1400817995182
started,bundle,org.eclipse.rse.core,3.1.101.v201009071110,"org.eclipse.rse.core",1400817995193
started,bundle,org.eclipse.rse.services,3.2.0.v201006041352,"org.eclipse.rse.services",1400817995211
started,bundle,org.eclipse.rse.ui,3.1.101.v201008191400,"org.eclipse.rse.ui",1400817995279
started,bundle,org.eclipse.rse.subsystems.files.core,3.2.1.v201008191400,"org.eclipse.rse.subsystems.files.core",1400817995281
started,bundle,org.eclipse.rse.subsystems.files.local,2.1.101.v200907301400,"org.eclipse.rse.subsystems.files.local",1400817995281
started,bundle,org.eclipse.rse.subsystems.shells.core,3.1.100.v201003010830,"org.eclipse.rse.subsystems.shells.core",1400817995297
started,bundle,org.eclipse.rse.subsystems.shells.local,2.1.100.v200905272300,"org.eclipse.rse.subsystems.shells.local",1400817995297
started,bundle,org.eclipse.rse.connectorservice.local,2.1.100.v200905272300,"org.eclipse.rse.connectorservice.local",1400817995307
started,bundle,org.eclipse.rse.services.local,2.1.201.v201009071110,"org.eclipse.rse.services.local",1400817995309
activated,workbench,org.eclipse.ui.workbench,3.6.1.M20100826-1330,"",1400817995343
deactivated,workbench,org.eclipse.ui.workbench,3.6.1.M20100826-1330,"",1400817995479
activated,workbench,org.eclipse.ui.workbench,3.6.1.M20100826-1330,"",1400818004379
started,bundle,org.eclipse.wst.css.core,1.1.401.v201008161749,"org.eclipse.wst.css.core",1400818004416
started,bundle,org.eclipse.wst.xml.core,1.1.502.v201009010342,"org.eclipse.wst.xml.core",1400818004422
started,bundle,org.eclipse.wst.html.core,1.1.402.v201008311901,"org.eclipse.wst.html.core",1400818004423
started,bundle,org.eclipse.wst.validation,1.2.200.v201005271900,"org.eclipse.wst.validation",1400818004586
started,bundle,org.eclipse.wst.common.project.facet.core,1.4.102.v201008170019,"org.eclipse.wst.common.project.facet.core",1400818004591
started,bundle,org.eclipse.wst.common.frameworks,1.2.0.v201003040800,"org.eclipse.wst.common.frameworks",1400818004631
started,bundle,org.eclipse.dltk.rse.ui,2.0.0.v20100115-2213,"org.eclipse.dltk.rse.ui",1400818004638
started,bundle,org.eclipse.wst.dtd.core,1.1.400.v201004290328,"org.eclipse.wst.dtd.core",1400818004650
started,bundle,org.eclipse.dltk.validators.core,1.0.0.v20100524-0038,"org.eclipse.dltk.validators.core",1400818004652
started,bundle,org.eclipse.wst.html.ui,1.0.502.v201009010342,"org.eclipse.wst.html.ui",1400818004659
started,bundle,org.eclipse.dltk.validators.externalchecker,1.0.0.v20090803-1754,"org.eclipse.dltk.validators.externalchecker",1400818004665
started,bundle,org.eclipse.wst.xsd.core,1.1.502.v201008201521,"org.eclipse.wst.xsd.core",1400818004675
started,bundle,org.eclipse.wst.xsl.core,1.1.0.v201004290328,"org.eclipse.wst.xsl.core",1400818004680
started,bundle,org.eclipse.wst.server.core,1.1.204.v20100908,"org.eclipse.wst.server.core",1400818011784
started,bundle,org.eclipse.wst.server.ui,1.1.205.v20100908,"org.eclipse.wst.server.ui",1400818011803
started,bundle,org.eclipse.jdt.core,3.6.1.v_A68_R36x,"org.eclipse.jdt.core",1400818011876
started,bundle,org.eclipse.jdt.debug,3.6.1.v20100715_r361,"org.eclipse.jdt.debug",1400818011884
started,bundle,org.eclipse.jdt.launching,3.5.100.v20100526,"org.eclipse.jdt.launching",1400818011892
started,bundle,org.eclipse.jdt.core.manipulation,1.3.0.v20100520-0800,"org.eclipse.jdt.core.manipulation",1400818011954
started,bundle,org.eclipse.jdt.ui,3.6.1.r361_v20100825-0800,"org.eclipse.jdt.ui",1400818011957
started,bundle,org.eclipse.jdt.debug.ui,3.5.0.v20100602-0830,"org.eclipse.jdt.debug.ui",1400818011965
started,bundle,org.eclipse.wst.web,1.1.401.v201007151900,"org.eclipse.wst.web",1400818011971
started,bundle,org.eclipse.emf.common,2.6.0.v20100914-1218,"org.eclipse.emf.common",1400818011983
started,bundle,org.eclipse.emf.ecore,2.6.1.v20100914-1218,"org.eclipse.emf.ecore",1400818011999
started,bundle,org.eclipse.wst.common.emf,1.2.1.v201008260500,"org.eclipse.wst.common.emf",1400818012002
started,bundle,org.eclipse.jem.util,2.1.2.v201008120100,"org.eclipse.jem.util",1400818012010
started,bundle,org.eclipse.emf.ecore.xmi,2.5.0.v20100521-1846,"org.eclipse.emf.ecore.xmi",1400818012013
started,bundle,org.eclipse.wst.common.emfworkbench.integration,1.2.2.v201008242000,"org.eclipse.wst.common.emfworkbench.integration",1400818012013
started,bundle,org.eclipse.wst.common.core,1.2.0.v200908252030,"org.eclipse.wst.common.core",1400818012041
started,bundle,org.eclipse.wst.common.modulecore,1.2.3.v201008242000,"org.eclipse.wst.common.modulecore",1400818012042
started,bundle,org.eclipse.wst.jsdt.debug.ui,1.0.1.v201008170101,"org.eclipse.wst.jsdt.debug.ui",1400818012052
deactivated,workbench,org.eclipse.ui.workbench,3.6.1.M20100826-1330,"",1400818032421
activated,workbench,org.eclipse.ui.workbench,3.6.1.M20100826-1330,"",1400818328692
started,bundle,org.eclipse.dltk.validators.ui,2.0.0.v20091214-1712,"org.eclipse.dltk.validators.ui",1400818332584
started,bundle,org.eclipse.search,3.6.0.v20100520-0800,"org.eclipse.search",1400818332589
started,bundle,org.eclipse.compare,3.5.100.I20100526-0800,"org.eclipse.compare",1400818332608
deactivated,workbench,org.eclipse.ui.workbench,3.6.1.M20100826-1330,"",1400818335487
activated,workbench,org.eclipse.ui.workbench,3.6.1.M20100826-1330,"",1400818348611
deactivated,workbench,org.eclipse.ui.workbench,3.6.1.M20100826-1330,"",1400818355313
activated,workbench,org.eclipse.ui.workbench,3.6.1.M20100826-1330,"",1400818360263
deactivated,workbench,org.eclipse.ui.workbench,3.6.1.M20100826-1330,"",1400818376032
activated,workbench,org.eclipse.ui.workbench,3.6.1.M20100826-1330,"",1400818412286
deactivated,workbench,org.eclipse.ui.workbench,3.6.1.M20100826-1330,"",1400818421887
activated,workbench,org.eclipse.ui.workbench,3.6.1.M20100826-1330,"",1400818424997
deactivated,workbench,org.eclipse.ui.workbench,3.6.1.M20100826-1330,"",1400818427567
activated,workbench,org.eclipse.ui.workbench,3.6.1.M20100826-1330,"",1400818440716
deactivated,workbench,org.eclipse.ui.workbench,3.6.1.M20100826-1330,"",1400818442383
activated,workbench,org.eclipse.ui.workbench,3.6.1.M20100826-1330,"",1400818443877
deactivated,workbench,org.eclipse.ui.workbench,3.6.1.M20100826-1330,"",1400818444805
activated,workbench,org.eclipse.ui.workbench,3.6.1.M20100826-1330,"",1400818448596
deactivated,workbench,org.eclipse.ui.workbench,3.6.1.M20100826-1330,"",1400818450526
activated,workbench,org.eclipse.ui.workbench,3.6.1.M20100826-1330,"",1400818464653
started,bundle,org.eclipse.ltk.ui.refactoring,3.5.0.v20100526-0800,"org.eclipse.ltk.ui.refactoring",1400818473294
deactivated,workbench,org.eclipse.ui.workbench,3.6.1.M20100826-1330,"",1400818473343
activated,workbench,org.eclipse.ui.workbench,3.6.1.M20100826-1330,"",1400818475855
executed,command,org.eclipse.ltk.ui.refactoring,3.5.0.v20100526-0800,"org.eclipse.ltk.ui.refactoring.commands.deleteResources",1400818475907
executed,command,org.eclipse.ui,3.6.1.M20100826-1330,"org.eclipse.ui.edit.delete",1400818475907
deactivated,workbench,org.eclipse.ui.workbench,3.6.1.M20100826-1330,"",1400818479308
activated,workbench,org.eclipse.ui.workbench,3.6.1.M20100826-1330,"",1400818483908
started,bundle,org.eclipse.wst.xml.ui,1.1.102.v201008251905,"org.eclipse.wst.xml.ui",1400818492070
started,bundle,org.eclipse.wst.common.uriresolver,1.1.401.v201004280700,"org.eclipse.wst.common.uriresolver",1400818492150
started,bundle,org.eclipse.wst.jsdt.web.ui,1.0.302.v201009091745,"org.eclipse.wst.jsdt.web.ui",1400818492179
started,bundle,org.eclipse.wst.css.ui,1.0.501.v201008232042,"org.eclipse.wst.css.ui",1400818492195
started,bundle,org.eclipse.wst.dtd.ui,1.0.500.v201004290328,"org.eclipse.wst.dtd.ui",1400818492206
started,bundle,org.eclipse.wst.jsdt.web.core,1.0.302.v201009091745,"org.eclipse.wst.jsdt.web.core",1400818492213
deactivated,workbench,org.eclipse.ui.workbench,3.6.1.M20100826-1330,"",1400818492322
activated,workbench,org.eclipse.ui.workbench,3.6.1.M20100826-1330,"",1400818498863
started,bundle,org.eclipse.compare.core,3.5.100.I20100526-0800,"org.eclipse.compare.core",1400818499055
opened,editor,org.eclipse.wst.html.ui,1.0.502.v201009010342,"org.eclipse.wst.html.core.htmlsource.source",1400818499080
activated,editor,org.eclipse.wst.html.ui,1.0.502.v201009010342,"org.eclipse.wst.html.core.htmlsource.source",1400818499158
started,bundle,org.eclipse.wst.xsl.exslt.core,1.0.0.v201005240426,"org.eclipse.wst.xsl.exslt.core",1400818504047
started,bundle,org.eclipse.wst.internet.cache,1.0.400.v201004280700,"org.eclipse.wst.internet.cache",1400818504184
executed,command,org.eclipse.wst.sse.ui,1.2.2.v201008232126,"org.eclipse.wst.sse.ui.format.document",1400818514204
executed,command,org.eclipse.ui.workbench.texteditor,3.6.1.r361_v20100714-0800,"org.eclipse.ui.edit.text.goto.wordNext",1400818546274
executed,command,org.eclipse.ui.workbench.texteditor,3.6.1.r361_v20100714-0800,"org.eclipse.ui.edit.text.goto.lineEnd",1400818547415
executed,command,org.eclipse.ui,3.6.1.M20100826-1330,"org.eclipse.ui.file.save",1400818563363
executed,command,org.eclipse.ui.workbench.texteditor,3.6.1.r361_v20100714-0800,"org.eclipse.ui.edit.text.delete.line",1400818567802
executed,command,org.eclipse.ui,3.6.1.M20100826-1330,"org.eclipse.ui.file.save",1400818568469
no handler,command,org.eclipse.jdt.debug.ui,3.5.0.v20100602-0830,"org.eclipse.jdt.debug.ui.commands.ForceReturn",1400818570067
no handler,command,org.eclipse.jdt.debug.ui,3.5.0.v20100602-0830,"org.eclipse.jdt.debug.ui.commands.ForceReturn",1400818570067
no handler,command,org.eclipse.jdt.debug.ui,3.5.0.v20100602-0830,"org.eclipse.jdt.debug.ui.commands.ForceReturn",1400818570067
no handler,command,org.eclipse.jdt.debug.ui,3.5.0.v20100602-0830,"org.eclipse.jdt.debug.ui.commands.ForceReturn",1400818570067
no handler,command,org.eclipse.jdt.debug.ui,3.5.0.v20100602-0830,"org.eclipse.jdt.debug.ui.commands.ForceReturn",1400818570067
no handler,command,org.eclipse.jdt.debug.ui,3.5.0.v20100602-0830,"org.eclipse.jdt.debug.ui.commands.ForceReturn",1400818570067
no handler,command,org.eclipse.jdt.debug.ui,3.5.0.v20100602-0830,"org.eclipse.jdt.debug.ui.commands.ForceReturn",1400818570069
no handler,command,org.eclipse.jdt.debug.ui,3.5.0.v20100602-0830,"org.eclipse.jdt.debug.ui.commands.ForceReturn",1400818570069
no handler,command,org.eclipse.jdt.debug.ui,3.5.0.v20100602-0830,"org.eclipse.jdt.debug.ui.commands.ForceReturn",1400818570070
no handler,command,org.eclipse.jdt.debug.ui,3.5.0.v20100602-0830,"org.eclipse.jdt.debug.ui.commands.ForceReturn",1400818570070
no handler,command,org.eclipse.jdt.debug.ui,3.5.0.v20100602-0830,"org.eclipse.jdt.debug.ui.commands.ForceReturn",1400818570070
no handler,command,org.eclipse.jdt.debug.ui,3.5.0.v20100602-0830,"org.eclipse.jdt.debug.ui.commands.ForceReturn",1400818570070
no handler,command,org.eclipse.jdt.debug.ui,3.5.0.v20100602-0830,"org.eclipse.jdt.debug.ui.commands.ForceReturn",1400818570070
no handler,command,org.eclipse.jdt.debug.ui,3.5.0.v20100602-0830,"org.eclipse.jdt.debug.ui.commands.ForceReturn",1400818570070
no handler,command,org.eclipse.jdt.debug.ui,3.5.0.v20100602-0830,"org.eclipse.jdt.debug.ui.commands.ForceReturn",1400818570071
no handler,command,org.eclipse.jdt.debug.ui,3.5.0.v20100602-0830,"org.eclipse.jdt.debug.ui.commands.ForceReturn",1400818570071
no handler,command,org.eclipse.jdt.debug.ui,3.5.0.v20100602-0830,"org.eclipse.jdt.debug.ui.commands.ForceReturn",1400818570071
no handler,command,org.eclipse.jdt.debug.ui,3.5.0.v20100602-0830,"org.eclipse.jdt.debug.ui.commands.ForceReturn",1400818570071
no handler,command,org.eclipse.jdt.debug.ui,3.5.0.v20100602-0830,"org.eclipse.jdt.debug.ui.commands.ForceReturn",1400818570071
no handler,command,org.eclipse.jdt.debug.ui,3.5.0.v20100602-0830,"org.eclipse.jdt.debug.ui.commands.ForceReturn",1400818570071
no handler,command,org.eclipse.jdt.debug.ui,3.5.0.v20100602-0830,"org.eclipse.jdt.debug.ui.commands.ForceReturn",1400818570071
no handler,command,org.eclipse.jdt.debug.ui,3.5.0.v20100602-0830,"org.eclipse.jdt.debug.ui.commands.ForceReturn",1400818570071
no handler,command,org.eclipse.jdt.debug.ui,3.5.0.v20100602-0830,"org.eclipse.jdt.debug.ui.commands.ForceReturn",1400818570071
no handler,command,org.eclipse.jdt.debug.ui,3.5.0.v20100602-0830,"org.eclipse.jdt.debug.ui.commands.ForceReturn",1400818570071
no handler,command,org.eclipse.jdt.debug.ui,3.5.0.v20100602-0830,"org.eclipse.jdt.debug.ui.commands.ForceReturn",1400818570072
no handler,command,org.eclipse.jdt.debug.ui,3.5.0.v20100602-0830,"org.eclipse.jdt.debug.ui.commands.ForceReturn",1400818570072
no handler,command,org.eclipse.jdt.debug.ui,3.5.0.v20100602-0830,"org.eclipse.jdt.debug.ui.commands.ForceReturn",1400818570072
no handler,command,org.eclipse.jdt.debug.ui,3.5.0.v20100602-0830,"org.eclipse.jdt.debug.ui.commands.ForceReturn",1400818570072
no handler,command,org.eclipse.jdt.debug.ui,3.5.0.v20100602-0830,"org.eclipse.jdt.debug.ui.commands.ForceReturn",1400818570072
no handler,command,org.eclipse.jdt.debug.ui,3.5.0.v20100602-0830,"org.eclipse.jdt.debug.ui.commands.ForceReturn",1400818570072
no handler,command,org.eclipse.jdt.debug.ui,3.5.0.v20100602-0830,"org.eclipse.jdt.debug.ui.commands.ForceReturn",1400818570072
no handler,command,org.eclipse.jdt.debug.ui,3.5.0.v20100602-0830,"org.eclipse.jdt.debug.ui.commands.ForceReturn",1400818570072
no handler,command,org.eclipse.jdt.debug.ui,3.5.0.v20100602-0830,"org.eclipse.jdt.debug.ui.commands.ForceReturn",1400818570072
no handler,command,org.eclipse.jdt.debug.ui,3.5.0.v20100602-0830,"org.eclipse.jdt.debug.ui.commands.ForceReturn",1400818570072
no handler,command,org.eclipse.jdt.debug.ui,3.5.0.v20100602-0830,"org.eclipse.jdt.debug.ui.commands.ForceReturn",1400818570072
no handler,command,org.eclipse.jdt.debug.ui,3.5.0.v20100602-0830,"org.eclipse.jdt.debug.ui.commands.ForceReturn",1400818570072
no handler,command,org.eclipse.jdt.debug.ui,3.5.0.v20100602-0830,"org.eclipse.jdt.debug.ui.commands.ForceReturn",1400818570073
no handler,command,org.eclipse.jdt.debug.ui,3.5.0.v20100602-0830,"org.eclipse.jdt.debug.ui.commands.ForceReturn",1400818570073
no handler,command,org.eclipse.jdt.debug.ui,3.5.0.v20100602-0830,"org.eclipse.jdt.debug.ui.commands.ForceReturn",1400818570073
no handler,command,org.eclipse.jdt.debug.ui,3.5.0.v20100602-0830,"org.eclipse.jdt.debug.ui.commands.ForceReturn",1400818570073
no handler,command,org.eclipse.jdt.debug.ui,3.5.0.v20100602-0830,"org.eclipse.jdt.debug.ui.commands.ForceReturn",1400818570073
no handler,command,org.eclipse.jdt.debug.ui,3.5.0.v20100602-0830,"org.eclipse.jdt.debug.ui.commands.ForceReturn",1400818570073
no handler,command,org.eclipse.jdt.debug.ui,3.5.0.v20100602-0830,"org.eclipse.jdt.debug.ui.commands.ForceReturn",1400818570073
no handler,command,org.eclipse.jdt.debug.ui,3.5.0.v20100602-0830,"org.eclipse.jdt.debug.ui.commands.ForceReturn",1400818570073
